0 -4.18375e-07
1 -4.00766e-07
2 -3.76257e-07
3 -3.61149e-07
4 -3.40107e-07
5 -3.26979e-07
6 -3.08681e-07
7 -2.97185e-07
8 -2.81158e-07
9 -2.71026e-07
10 -2.56902e-07
11 -2.47921e-07
12 -2.35408e-07
13 -2.27409e-07
14 -2.1627e-07
15 -2.09114e-07
16 -1.99155e-07
17 -1.92728e-07
18 -1.83791e-07
19 -1.77997e-07
20 -1.69948e-07
21 -1.64708e-07
22 -1.57436e-07
23 -1.52682e-07
24 -1.46093e-07
25 -1.41768e-07
26 -1.35781e-07
27 -1.31837e-07
28 -1.26382e-07
29 -1.22777e-07
30 -1.17796e-07
31 -1.14492e-07
32 -1.09934e-07
33 -1.06901e-07
34 -1.02721e-07
35 -9.99306e-08
36 -9.60903e-08
37 -9.35181e-08
38 -8.99834e-08
39 -8.76086e-08
40 -8.43495e-08
41 -8.21532e-08
42 -7.91435e-08
43 -7.71093e-08
44 -7.43256e-08
45 -7.24387e-08
46 -6.98604e-08
47 -6.81078e-08
48 -6.57165e-08
49 -6.40864e-08
50 -6.18657e-08
51 -6.03478e-08
52 -5.8283e-08
53 -5.68679e-08
54 -5.49458e-08
55 -5.3625e-08
56 -5.18339e-08
57 -5.05998e-08
58 -4.8929e-08
59 -4.77747e-08
60 -4.62146e-08
61 -4.5134e-08
62 -4.36758e-08
63 -4.26631e-08
64 -4.1299e-08
65 -4.03493e-08
66 -3.9072e-08
67 -3.81805e-08
68 -3.69836e-08
69 -3.6146e-08
70 -3.50236e-08
71 -3.4236e-08
72 -3.31826e-08
73 -3.24416e-08
74 -3.14521e-08
75 -3.07543e-08
76 -2.98244e-08
77 -2.91669e-08
78 -2.82922e-08
79 -2.76722e-08
80 -2.6849e-08
81 -2.62639e-08
82 -2.54886e-08
83 -2.49361e-08
84 -2.42056e-08
85 -2.36836e-08
86 -2.29947e-08
87 -2.25011e-08
88 -2.18512e-08
89 -2.13842e-08
90 -2.07706e-08
91 -2.03286e-08
92 -1.9749e-08
93 -1.93303e-08
94 -1.87825e-08
95 -1.83856e-08
96 -1.78675e-08
97 -1.74911e-08
98 -1.70009e-08
99 -1.66437e-08
100 -1.61796e-08
101 -1.58405e-08
102 -1.54008e-08
103 -1.50786e-08
104 -1.46619e-08
105 -1.43555e-08
106 -1.39603e-08
107 -1.36689e-08
108 -1.32939e-08
109 -1.30166e-08
110 -1.26605e-08
111 -1.23964e-08
112 -1.20581e-08
113 -1.18064e-08
114 -1.14848e-08
115 -1.12448e-08
116 -1.0939e-08
117 -1.07099e-08
118 -1.04188e-08
119 -1.02001e-08
120 -9.92296e-09
121 -9.714e-09
122 -9.4499e-09
123 -9.25013e-09
124 -8.9983e-09
125 -8.80719e-09
126 -8.56692e-09
127 -8.38398e-09
128 -8.15459e-09
129 -7.97934e-09
130 -7.76019e-09
131 -7.5922e-09
132 -7.38269e-09
133 -7.22156e-09
134 -7.02113e-09
135 -6.86647e-09
136 -6.67459e-09
137 -6.52604e-09
138 -6.34223e-09
139 -6.19945e-09
140 -6.02325e-09
141 -5.88593e-09
142 -5.7169e-09
143 -5.58474e-09
144 -5.42249e-09
145 -5.29521e-09
146 -5.13935e-09
147 -5.0167e-09
148 -4.86688e-09
149 -4.74861e-09
150 -4.60451e-09
151 -4.4904e-09
152 -4.3517e-09
153 -4.24153e-09
154 -4.10795e-09
155 -4.00154e-09
156 -3.87281e-09
157 -3.76996e-09
158 -3.64583e-09
159 -3.54637e-09
160 -3.42662e-09
161 -3.33039e-09
162 -3.2148e-09
163 -3.12166e-09
164 -3.01003e-09
165 -2.91983e-09
166 -2.81197e-09
167 -2.72459e-09
168 -2.62033e-09
169 -2.53565e-09
170 -2.43484e-09
171 -2.35275e-09
172 -2.25523e-09
173 -2.17562e-09
174 -2.08126e-09
175 -2.00405e-09
176 -1.91272e-09
177 -1.83781e-09
178 -1.7494e-09
179 -1.67671e-09
180 -1.59111e-09
181 -1.52057e-09
182 -1.43768e-09
183 -1.36921e-09
184 -1.28894e-09
185 -1.22248e-09
186 -1.14474e-09
187 -1.08024e-09
188 -1.00495e-09
189 -9.42338e-10
190 -8.6943e-10
191 -8.08658e-10
192 -7.3806e-10
193 -6.79079e-10
194 -6.10729e-10
195 -5.53492e-10
196 -4.87328e-10
197 -4.31793e-10
198 -3.67759e-10
199 -3.13883e-10
200 -2.51926e-10
201 -1.9967e-10
202 -1.39739e-10
203 -8.90652e-11
204 -3.11132e-11
205 1.80148e-11
206 7.40344e-11
207 1.21651e-10
208 1.75783e-10
209 2.21922e-10
210 2.74208e-10
211 3.18902e-10
212 3.69385e-10
213 4.12666e-10
214 4.61386e-10
215 5.03286e-10
216 5.50283e-10
217 5.90831e-10
218 6.36145e-10
219 6.75373e-10
220 7.19041e-10
221 7.56979e-10
222 7.99041e-10
223 8.35718e-10
224 8.76211e-10
225 9.11658e-10
226 9.50621e-10
227 9.84866e-10
228 1.02234e-09
229 1.05541e-09
230 1.09142e-09
231 1.12335e-09
232 1.15795e-09
233 1.18877e-09
234 1.22199e-09
235 1.25172e-09
236 1.28359e-09
237 1.31227e-09
238 1.34284e-09
239 1.37049e-09
240 1.39979e-09
241 1.42645e-09
242 1.45452e-09
243 1.4802e-09
244 1.50708e-09
245 1.53183e-09
246 1.55754e-09
247 1.58138e-09
248 1.60597e-09
249 1.62892e-09
250 1.65243e-09
251 1.67453e-09
252 1.69699e-09
253 1.71825e-09
254 1.7397e-09
255 1.76016e-09
256 1.78063e-09
257 1.80032e-09
258 1.81984e-09
259 1.83878e-09
260 1.85739e-09
261 1.8756e-09
262 1.89333e-09
263 1.91085e-09
264 1.92773e-09
265 1.94461e-09
266 1.96067e-09
267 1.97687e-09
268 1.99215e-09
269 2.00772e-09
270 2.02225e-09
271 2.03722e-09
272 2.05103e-09
273 2.06542e-09
274 2.07853e-09
275 2.09236e-09
276 2.10481e-09
277 2.1181e-09
278 2.1299e-09
279 2.14268e-09
280 2.15387e-09
281 2.16615e-09
282 2.17675e-09
283 2.18856e-09
284 2.19859e-09
285 2.20994e-09
286 2.21943e-09
287 2.23034e-09
288 2.23931e-09
289 2.24979e-09
290 2.25828e-09
291 2.26835e-09
292 2.27636e-09
293 2.28604e-09
294 2.29359e-09
295 2.3029e-09
296 2.31002e-09
297 2.31896e-09
298 2.32566e-09
299 2.33426e-09
300 2.34057e-09
301 2.34883e-09
302 2.35475e-09
303 2.3627e-09
304 2.36826e-09
305 2.37589e-09
306 2.3811e-09
307 2.38844e-09
308 2.39332e-09
309 2.40038e-09
310 2.40493e-09
311 2.41172e-09
312 2.41597e-09
313 2.42249e-09
314 2.42644e-09
315 2.43271e-09
316 2.43639e-09
317 2.44241e-09
318 2.44582e-09
319 2.45161e-09
320 2.45476e-09
321 2.46032e-09
322 2.46323e-09
323 2.46857e-09
324 2.47124e-09
325 2.47638e-09
326 2.47882e-09
327 2.48375e-09
328 2.48598e-09
329 2.49072e-09
330 2.49273e-09
331 2.49729e-09
332 2.4991e-09
333 2.50348e-09
334 2.5051e-09
335 2.5093e-09
336 2.51074e-09
337 2.51477e-09
338 2.51603e-09
339 2.5199e-09
340 2.52099e-09
341 2.5247e-09
342 2.52563e-09
343 2.52919e-09
344 2.52996e-09
345 2.53338e-09
346 2.534e-09
347 2.53727e-09
348 2.53775e-09
349 2.54089e-09
350 2.54123e-09
351 2.54423e-09
352 2.54443e-09
353 2.54731e-09
354 2.54739e-09
355 2.55014e-09
356 2.55009e-09
357 2.55273e-09
358 2.55256e-09
359 2.55508e-09
360 2.5548e-09
361 2.55721e-09
362 2.55682e-09
363 2.55912e-09
364 2.55862e-09
365 2.56082e-09
366 2.56022e-09
367 2.56231e-09
368 2.56162e-09
369 2.56361e-09
370 2.56283e-09
371 2.56473e-09
372 2.56386e-09
373 2.56566e-09
374 2.5647e-09
375 2.56642e-09
376 2.56537e-09
377 2.567e-09
378 2.56588e-09
379 2.56743e-09
380 2.56623e-09
381 2.5677e-09
382 2.56642e-09
383 2.56781e-09
