0.1308996939	1		1089	-0.0007276005088
0.1308996939	1		1089	-0.0007276005088
0.06544984696	1		1089	-0.0005727663885
0.03272492348	1		1089	-0.0003399539102
0.01636246174	1		1089	-0.0001832419565
0.1308996939	0.565449847		1089	-0.03794261607
0.1308996939	0.565449847		1089	-0.03794261607
0.06544984696	0.5327249235		1089	-0.01325845712
0.03272492348	0.5163624617		1089	-0.004774888268
0.01636246174	0.5081812309		1089	-0.00189764794
0.00818123087	0.5040906154		1089	-0.0008259705688
0.1308996939	0.565449847		1089	-0.03794261607
0.06544984696	0.5327249235		1089	-0.01325845712
0.03272492348	0.5163624617		1089	-0.004774888268
0.01636246174	0.5081812309		1089	-0.00189764794
0.00818123087	0.5040906154		1089	-0.0008259705688
0.1308996939	0.5130899694		1089	-0.02360281636
0.06544984696	0.5065449847		1089	-0.008461594964
0.03272492348	0.5032724923		1089	-0.00346905317
0.01636246174	0.5016362462		1089	-0.001563174307
0.00818123087	0.5008181231		1089	-0.0007416951177
0.1308996939	1		1089	-0.1064976194
0.06544984696	1		1089	-0.06950664942
0.03272492348	1		1089	-0.0419076969
0.01636246174	1		1089	-0.02359294351
0.00818123087	1		1089	-0.01263440272
0.1308996939	1		1089	-0.1064976194
0.1308996939	1		1089	-0.1041275841
0.06544984696	1		1089	-0.06786582255
0.1308996939	1		1089	-0.1041275841
0.06544984696	1		1089	-0.06786582255
0.1308996939	1		1089	-0.1041275841
0.06544984696	1		1089	-0.06786582255
0.03272492348	1		1089	-0.04083613761
0.01636246174	1		1089	-0.02294215935
0.1308996939	1		1089	-0.1041275841
0.1308996939	0.5		1089	-0.01944897622
0.06544984696	0.5		1089	-0.007169561288
0.1308996939	0.5130899694		1089	3.768364867e-05
0.06544984696	0.5065449847		1089	8.845219425e-06
0.1308996939	0.5		1089	3.53099957e-05
0.06544984696	0.5		1089	8.690421877e-06
0.1308996939	0.5		1089	3.53099957e-05
0.06544984696	0.5		1089	8.690421877e-06
0.1308996939	0.5		1089	3.53099957e-05
0.06544984696	0.5		1089	8.690421877e-06
0.1308996939	0.5		1089	3.53099957e-05
0.06544984696	0.5		1089	8.690421877e-06
0.1308996939	0.6		1089	6.120033667e-05
0.06544984696	0.6		1089	1.193100701e-05
0.03272492348	0.6		1089	2.706778911e-06
0.1308996939	0.5130899694		1089	3.768364867e-05
0.06544984696	0.5065449847		1089	8.845219425e-06
0.03272492348	0.5032724923		1089	2.177963975e-06
0.1308996939	0.5130899694		1089	1.404413967e-05
0.06544984696	0.5065449847		1089	2.645289992e-06
0.03272492348	0.5032724923		1089	-3.435501594e-08
0.1308996939	0.5130899694		1089	-0.02360449686
0.06544984696	0.5065449847		1089	-0.008463275464
0.03272492348	0.5032724923		1089	-0.00347073367
0.01636246174	0.5016362462		1089	-0.001564854807
0.00818123087	0.5008181231		1089	-0.0007433756177
0.1308996939	0.6		1089	-0.04630989321
0.06544984696	0.6		1089	-0.02441590323
0.03272492348	0.6		1089	-0.01263836818
0.1308996939	0.5		1089	-0.01967976337
0.06544984696	0.5		1089	-0.007218964636
0.03272492348	0.5		1089	-0.003140823547
0.01636246174	0.5		1089	-0.001481011173
0.00818123087	0.5		1089	-0.0007222923324
0.1308996939	0.5		1089	-0.01967976337
0.06544984696	0.5		1089	-0.007218964636
0.03272492348	0.5		1089	-0.003140823547
0.01636246174	0.5		1089	-0.001481011173
0.00818123087	0.5		1089	-0.0007222923324
0.1308996939	0.5		1089	-0.01967976337
0.06544984696	0.5		1089	-0.007218964636
0.1308996939	0.5		1089	-0.01967976337
0.1308996939	0.5		1089	-0.01967976337
0.06544984696	0.5		1089	-0.007218964636
0.03272492348	0.5		1089	-0.003140823547
0.01636246174	0.5		1089	-0.001481011173
0.00818123087	0.5		1089	-0.0007222923324
0.1308996939	1		1089	-0.07708948208
0.06544984696	1		1089	-0.04054051581
0.03272492348	1		1089	-0.02089907173
0.01636246174	1		1089	-0.01067110983
0.00818123087	1		1089	-0.005405991333
0.1308996939	0.5130899694		1089	-0.02360449686
0.06544984696	0.5065449847		1089	-0.008463275464
0.03272492348	0.5032724923		1089	-0.00347073367
0.01636246174	0.5016362462		1089	-0.001564854807
0.00818123087	0.5008181231		1089	-0.0007433756177
0.1308996939	0.5130899694		1089	1.498503967e-05
0.06544984696	0.5065449847		1089	3.586189993e-06
0.03272492348	0.5032724923		1089	9.065449841e-07
0.01636246174	0.5016362462		1089	2.309475798e-07
0.00818123087	0.5008181231		1089	5.801340158e-08
0.1308996939	0.5		1089	5.169168653e-05
0.06544984696	0.5		1089	1.344475763e-05
0.03272492348	0.5		1089	3.451877225e-06
0.01636246174	0.5		1089	8.713433027e-07
0.00818123087	0.5		1089	2.183553966e-07
0.1150188981	0.5		1089	0.08633935729
0.05750944904	0.5		1089	0.09804644362
0.02875472452	0.5		1089	0.1019075886
0.1150188981	0.55		1089	-0.01981357066
0.05750944904	0.55		1089	-0.007284030618
0.02875472452	0.55		1089	-0.003081232341
0.01437736226	0.55		1089	-0.001446363
0.00718868113	0.55		1089	-0.0007014623418
0.09201511846	1		1089	-0.2951139901
0.09201511846	1		1089	-0.2951139554
0.09201511846	1		1089	-0.2951139554
0.09201511846	0.5		1089	-0.2951117067
0.09201511846	0.51		1089	-0.2951118297
0.09201511846	0.51		4225	-0.1358544552
0.1308996939	0.5		4225	-0.0001531232945
0.06544984696	0.5		4225	-1.265099065e-05
0.1150188981	0.55		66049	17870369.3
0.05750944904	0.55		66049	2589.562063
0.02875472452	0.55		66049	302.0718755
0.1150188981	0.55		66049	17870369.3
0.05750944904	0.55		66049	2589.562063
0.02875472452	0.55		66049	302.0718755
0.01437736226	0.55		66049	78.65165153
0.00718868113	0.55		66049	20.20010563
0.1308996939	0.51		289	5404.851785
0.1308996939	0.55		289	-5553.291938
0.06544984696	0.55		289	-3934.926086
0.03272492348	0.55		289	-2398.173817
0.01636246174	0.55		289	-1334.314038
0.00818123087	0.55		289	-705.33888
0.1308996939	0.5		289	-0.003320389239
0.1308996939	0.55		289	-0.0138627565
0.06544984696	0.55		289	-0.006106249534
0.1308996939	0.55		289	-0.006063076803
0.06544984696	0.55		289	-0.002646513675
0.1308996939	0.55		289	-0.01917772912
0.06544984696	0.55		289	-0.004896059767
0.03272492348	0.55		289	-0.001291898946
0.1308996939	0.55		289	-0.01917772912
0.06544984696	0.55		289	-0.004896059767
0.03272492348	0.55		289	-0.001291898946
0.01636246174	0.55		289	-0.00035784127
0.1308996939	0.55		289	-0.003308590634
0.06544984696	0.55		289	-0.001349954571
0.03272492348	0.55		289	-0.0005991925953
0.01636246174	0.55		289	-0.0002806792022
0.1308996939	0.5		289	-0.001179400161
0.06544984696	0.5		289	-0.0002945491299
0.1308996939	0.51		289	-0.001600225269
0.06544984696	0.51		289	-0.0005043761358
0.1308996939	0.51		289	-0.001600225269
0.06544984696	0.51		289	-0.0005043761358
0.1308996939	0.51		289	-0.001600225269
0.06544984696	0.51		289	-0.0005043761358
0.1308996939	0.51		289	-0.001600225269
0.1308996939	0.5		1089	-0.001687585227
0.1308996939	0.525		1089	0.001201837002
0.06544984696	0.525		1089	0.001015701008
0.03272492348	0.525		1089	0.0006133862158
0.01636246174	0.525		1089	0.000333728253
0.00818123087	0.525		1089	0.0001741448787
0.1308996939	0.525		1089	0.001201837002
0.1308996939	0.525		1089	0.001201837002
0.06544984696	0.525		1089	0.001015701008
0.03272492348	0.525		1089	0.0006133862158
0.1308996939	0.6		1089	0.009517595346
0.06544984696	0.6		1089	0.005260021119
0.03272492348	0.6		1089	0.002761153381
0.01636246174	0.6		1089	0.001414565025
0.1308996939	0.6		1089	0.009517595346
0.1308996939	0.6		1089	0.009517595346
0.06544984696	0.6		1089	0.005260021119
0.03272492348	0.6		1089	0.002761153381
0.1308996939	0.5		1089	-0.001687585227
0.2617993878	0.5		1089	-0.01271812353
0.1308996939	0.5		1089	-0.003200345458
0.06544984696	0.5		1089	-0.0008063087846
0.03272492348	0.5		1089	-0.0002034749185
0.01636246174	0.5		1089	-5.080491927e-05
0.00818123087	0.5		1089	-1.166948803e-05
0.2617993878	0.55		1089	0.03028878698
0.1308996939	0.55		1089	0.01817563765
0.2300377962	0.55		1089	-0.01033650657
0.1150188981	0.55		1089	-0.00308664987
0.05750944904	0.55		1089	-0.0008484309127
0.02875472452	0.55		1089	-0.0002230620227
0.01437736226	0.55		1089	-5.665689946e-05
0.2617993878	0.55		1089	0.03028878698
0.1308996939	0.55		1089	0.01817563765
0.2617993878	0.55		1089	0.03028878698
0.1308996939	0.55		1089	0.01817563765
0.2617993878	0.55		1089	0.03028878698
0.1308996939	0.55		1089	0.01817563765
0.06544984696	0.55		1089	0.00986557496
0.2617993878	24		1089	10.10712824
0.2617993878	0.55		1089	0.03028878698
0.1308996939	0.55		1089	0.01817563765
0.2617993878	0.55		1089	0.03028878698
0.2617993878	0.5		1089	-0.002743320453
0.1308996939	0.5		1089	-0.0006836812526
0.2617993878	0.5		1089	-0.002743320453
0.1308996939	0.5		1089	-0.0006836812526
0.06544984696	0.5		1089	-0.0001708338708
0.03272492348	0.5		1089	-4.272288263e-05
0.2300377962	0.5		1089	-0.002880747055
0.1150188981	0.5		1089	-0.0007378703576
0.05750944904	0.5		1089	-0.0001859332215
0.02875472452	0.5		1089	-4.660059661e-05
0.2617993878	0.55		1089	0.005453999653
0.1308996939	0.55		1089	0.003396565555
0.2300377962	0.55		1089	-0.002746025226
0.1150188981	0.55		1089	-0.0007292993589
0.2300377962	0.55		1089	-0.002746025226
0.1150188981	0.55		1089	-0.0007292993589
0.05750944904	0.55		1089	-0.000187150732
0.2617993878	0.55		1089	0.005453999653
0.1308996939	0.55		1089	0.003396565555
0.06544984696	0.55		1089	0.00186766086
0.03272492348	0.55		1089	0.0009765040977
0.01636246174	0.55		1089	0.0004989679707
0.00818123087	0.55		1089	0.0002521707213
0.2617993878	0.5		1089	-0.002743320453
0.1308996939	0.5		1089	-0.0006836812526
0.06544984696	0.5		1089	-0.0001708338708
0.03272492348	0.5		1089	-4.272288263e-05
0.01636246174	0.5		1089	-1.068994346e-05
