	0.15 0.2 	164.43 0 0 0 	
1	0.164645 0.235355 	0 0 0 0 	
2	0.2 0.25 	0 0 0 0 	
3	0.235355 0.235355 	0 0 0 0 	
4	0.234781 0.164079 	0 0 0 0 	
5	0.2 0.15 	0 0 0 0 	
6	0.165017 0.164277 	0 0 0 0 	
7	0.1 0.19909 	0 0 0 333.021 	
14	0 0 	3.20101 0 0 0 	
15	0.12936 0 	0 0 0 0 	
16	0.2002 0 	6.74136 0 0 0 	
17	0.2684 0 	7.36931 0 0 0 	
18	2.5 0 	1.02195 0 0 0 	
19	1.85 0 	0 0 0 0 	
21	2.5 0.27866 	0 0 0 1.74928 	
22	1.85 0.41 	0 0 0 0 	
23	0.26839 0.41 	7.37539 0 0 0 	
24	0.2002 0.41 	6.71874 0 0 0 	
25	0.12935 0.41 	6.84437 0 0 0 	
26	0 0.41 	3.06085 0 0 0 	
27	0 0.26937 	0 0 0 19.6903 	
28	0 0.19996 	0 0 0 130.411 	
29	0 0.12854 	0 0 0 18.9745 	
30	2.5 0.41 	0 0 0 0 	
31	0.35 0.26 	0 0 0 47.5193 	
33	0.34979 0.41 	6.94873 0 0 0 	
34	0.3509 0 	7.06445 0 0 0 	
39	0.4488 0 	6.62685 0 0 0 	
40	0.7502 0 	6.81548 0 0 0 	
41	0.913 0 	6.3098 0 0 0 	
43	1.1902 0 	4.02023 0 0 0 	
44	1.5 0.41 	2.47614 0 0 0 	
46	1.5 0 	2.63779 0 0 0 	
55	1.1902 0.41 	3.76808 0 0 0 	
56	0.913 0.41 	5.89249 0 0 0 	
57	0.7502 0.41 	6.43633 0 0 0 	
58	0.44879 0.41 	6.37367 0 0 0 	
78	0.6 0.41 	6.13363 0 0 0 	
79	0.6 0 	6.45598 0 0 0 	
144	0.153806 0.219134 	102.753 0 0 0 	
145	0.180866 0.246194 	0 0 0 0 	
146	0.219134 0.246194 	0 0 0 0 	
147	0.153907 0.180624 	0 0 0 0 	
148	0.218761 0.153653 	0 0 0 0 	
149	0.181108 0.153707 	0 0 0 0 	
150	0.11464 0.23428 	0 0 0 100.955 	
159	0.06468 0 	6.40219 0 0 0 	
160	0.16478 0 	7.10036 0 0 0 	
161	0.2343 0 	7.21913 0 0 0 	
167	2.175 0 	2.49065 0 0 0 	
169	0.310355 0.264735 	0 0 0 44.1458 	
171	0.06464 0.128615 	0 0 0 38.2663 	
174	0.234295 0.41 	0 0 0 0 	
175	0.164775 0.41 	7.09529 0 0 0 	
176	0.30965 0 	7.16772 0 0 0 	
177	0.064675 0.41 	6.1214 0 0 0 	
179	2.175 0.41 	0 0 0 0 	
181	0 0.234665 	0 0 0 41.2571 	
182	0.30909 0.41 	0 0 0 0 	
184	0.157322 0.242108 	0 0 0 87.4514 	
189	1.675 0 	2.24384 0 0 0 	
192	1.675 0.41 	2.10439 0 0 0 	
200	0.244037 0.22368 	61.706 0 0 0 	
201	0.157508 0.156793 	0 0 0 81.5429 	
202	0.243845 0.175966 	60.7831 0 0 0 	
203	0.260355 0.259165 	0 0 0 57.3252 	
205	0.39985 0 	6.81062 0 0 0 	
216	0.8316 0 	6.55227 0 0 0 	
219	1.0516 0 	5.12014 0 0 0 	
224	1.3451 0 	3.15826 0 0 0 	
225	0.39929 0.41 	6.62855 0 0 0 	
234	1.3451 0.41 	2.96547 0 0 0 	
248	1.0516 0.41 	4.7771 0 0 0 	
249	0.8316 0.41 	6.17582 0 0 0 	
253	0.5244 0 	6.44267 0 0 0 	
256	0.6751 0 	6.5657 0 0 0 	
268	0.6751 0.41 	6.23452 0 0 0 	
269	0.524395 0.41 	6.11849 0 0 0 	
289	0.097005 0.0321631 	0 0 0 14.8601 	
295	0.0969994 0.374861 	0 0 0 14.3138 	
306	0.182446 0.380335 	0 0 0 15.7504 	
307	0.147037 0.37669 	0 0 0 17.0646 	
308	0.147042 0.0303506 	0 0 0 16.93 	
309	0.182448 0.0267069 	0 0 0 15.6697 	
314	0.251765 0.37669 	0 0 0 17.369 	
315	0.217355 0.380335 	0 0 0 15.975 	
316	0.217357 0.0267069 	0 0 0 15.8543 	
317	0.251771 0.0303506 	0 0 0 17.1999 	
369	0.243458 0.167217 	0 0 0 92.0862 	
372	0.243736 0.232083 	0 0 0 94.8914 	
384	0.289402 0.0328794 	0 0 0 16.655 	
399	0.289188 0.374276 	0 0 0 16.699 	
403	0.374655 0.3725 	0 0 0 15.7094 	
408	0.375281 0.035 	0 0 0 16.0635 	
416	0.486825 0.035 	0 0 0 15.1667 	
427	0.486819 0.3725 	0 0 0 14.4674 	
453	0.703237 0.035 	0 0 0 15.6824 	
470	0.703237 0.3725 	0 0 0 15.0174 	
476	0.780675 0.0346488 	0 0 0 16.0226 	
486	0.866725 0.373211 	0 0 0 13.6886 	
487	0.780675 0.372737 	0 0 0 15.0976 	
488	0.979225 0.0326962 	0 0 0 13.0546 	
498	1.11817 0.376487 	0 0 0 8.64541 	
499	0.979225 0.374461 	0 0 0 12.1716 	
500	1.26574 0.03 	0 0 0 7.40657 	
510	1.42191 0.3775 	0 0 0 5.36554 	
532	2.3375 0.377249 	0 0 0 4.12903 	
536	0.150961 0.209755 	0 0 0 0 	
537	0.158427 0.227779 	0 0 0 0 	
538	0.172221 0.241573 	0 0 0 0 	
539	0.150986 0.190117 	0 0 0 0 	
540	0.190245 0.249039 	0 0 0 0 	
541	0.209755 0.249039 	0 0 0 0 	
542	0.227779 0.241573 	0 0 0 0 	
543	0.227274 0.158094 	0 0 0 0 	
544	0.158646 0.171896 	0 0 0 0 	
545	0.209557 0.150922 	0 0 0 0 	
546	0.190374 0.150935 	0 0 0 0 	
547	0.172549 0.15821 	0 0 0 0 	
569	0.03234 0 	6.40216 0 0 0 	
571	0.09702 0 	6.40222 0 0 0 	
573	0.14707 0 	7.31692 0 0 0 	
574	0.18249 0 	6.90045 0 0 0 	
575	0.21725 0 	7.00065 0 0 0 	
576	0.25135 0 	7.45386 0 0 0 	
581	0.160983 0.238732 	0 0 0 88.8271 	
582	2.3375 0 	2.23077 0 0 0 	
583	2.5 0.03012 	0 0 0 2.0468 	
584	2.0125 0 	2.81765 0 0 0 	
586	0 0.032135 	0 0 0 7.42871 	
587	0.2 0.254692 	0 0 0 65.2948 	
588	0.145 0.199773 	0 0 0 341.177 	
589	2.5 0.09036 	0 0 0 2.05241 	
591	0.239017 0.238732 	0 0 0 81.5376 	
592	2.5 0.160025 	0 0 0 1.60295 	
593	2.5 0.239115 	0 0 0 1.60296 	
595	0.289025 0 	7.09809 0 0 0 	
597	0.238586 0.160387 	0 0 0 77.0329 	
598	0.251343 0.41 	7.47767 0 0 0 	
599	0.217247 0.41 	7.00384 0 0 0 	
600	0.182487 0.41 	6.88111 0 0 0 	
601	2.5 0.311495 	0 0 0 1.89482 	
603	0.147062 0.41 	7.32143 0 0 0 	
605	0.2 0.14485 	0 0 0 60.2108 	
606	2.0125 0.41 	2.60896 0 0 0 	
607	0 0.096405 	0 0 0 12.0796 	
608	0.0970125 0.41 	6.12129 0 0 0 	
609	0.0323375 0.41 	6.12152 0 0 0 	
610	0.240123 0.229835 	0 0 0 0 	
612	0.28874 0.41 	7.07599 0 0 0 	
614	0 0.374842 	0 0 0 7.15805 	
615	0.239759 0.169682 	0 0 0 0 	
616	0 0.304528 	0 0 0 12.0223 	
618	0.161262 0.160535 	0 0 0 83.5828 	
619	0 0.252018 	0 0 0 28.0328 	
620	1.7625 0 	2.04928 0 0 0 	
621	2.5 0.377165 	0 0 0 1.88897 	
622	0 0.217313 	0 0 0 81.9609 	
623	2.3375 0.41 	2.06054 0 0 0 	
624	0.330275 0 	7.23956 0 0 0 	
626	0 0.182105 	0 0 0 78.673 	
627	0 0.146395 	0 0 0 26.8306 	
629	1.85 0.03 	0 0 0 5.10238 	
630	1.7625 0.41 	1.92263 0 0 0 	
631	0.32944 0.41 	7.20141 0 0 0 	
634	0.349842 0.3725 	0 0 0 16.5116 	
638	0.350675 0.035 	0 0 0 16.7172 	
647	1.85 0.3775 	0 0 0 4.75337 	
649	1.5875 0 	2.47812 0 0 0 	
650	1.5875 0.41 	2.32297 0 0 0 	
653	0.375375 0 	6.81065 0 0 0 	
658	0.150355 0.220344 	0 0 0 204.241 	
665	0.15043 0.179018 	0 0 0 192.276 	
666	0.179399 0.249349 	0 0 0 87.0248 	
668	0.424325 0 	6.81072 0 0 0 	
674	0.220601 0.249349 	0 0 0 87.0248 	
676	0.4491 0.035 	0 0 0 15.6155 	
687	0.179581 0.150119 	0 0 0 77.9493 	
688	0.220321 0.150079 	0 0 0 77.5829 	
704	0.7909 0 	6.73057 0 0 0 	
708	0.8723 0 	6.15048 0 0 0 	
710	0.37454 0.41 	6.6285 0 0 0 	
712	0.90975 0.033595 	0 0 0 14.2715 	
716	0.9823 0 	6.01878 0 0 0 	
719	1.1209 0 	4.41558 0 0 0 	
729	0.247014 0.217021 	0 0 0 0 	
730	1.18765 0.03 	0 0 0 8.30077 	
733	1.26765 0 	3.60829 0 0 0 	
738	0.246945 0.182789 	0 0 0 0 	
741	1.42255 0 	2.80358 0 0 0 	
748	1.5 0.03 	0 0 0 5.33294 	
752	1.5 0.3775 	0 0 0 5.0106 	
758	1.42255 0.41 	2.63542 0 0 0 	
769	0.42404 0.41 	6.62864 0 0 0 	
782	0.449093 0.3725 	0 0 0 15.0887 	
790	1.26765 0.41 	3.38249 0 0 0 	
799	0.4866 0 	6.44274 0 0 0 	
808	0.71265 0 	6.68615 0 0 0 	
819	1.18765 0.3775 	0 0 0 7.7991 	
828	1.1209 0.41 	4.13737 0 0 0 	
831	0.9823 0.41 	5.57781 0 0 0 	
834	0.8723 0.41 	5.82236 0 0 0 	
837	0.7909 0.41 	6.33672 0 0 0 	
839	2.175 0.03006 	0 0 0 4.99178 	
868	0.71265 0.41 	6.34164 0 0 0 	
872	0.486592 0.41 	6.11855 0 0 0 	
874	1.675 0.03 	0 0 0 4.51056 	
879	0.5622 0 	6.44263 0 0 0 	
880	1.675 0.3775 	0 0 0 4.23313 	
888	0.63755 0 	6.49343 0 0 0 	
915	0.63755 0.41 	6.17025 0 0 0 	
917	0.562197 0.41 	6.11845 0 0 0 	
979	0.6 0.3725 	0 0 0 14.4941 	
986	0.6 0.035 	0 0 0 15.1465 	
993	0.52455 0.035 	0 0 0 15.1665 	
1035	0.524546 0.3725 	0 0 0 14.4672 	
1077	0.113181 0.0160839 	0 0 0 31.0159 	
1103	0.113174 0.392432 	0 0 0 29.7469 	
1146	0.191321 0.395623 	0 0 0 32.6508 	
1151	0.138195 0.392889 	0 0 0 36.2237 	
1152	0.138203 0.0156308 	0 0 0 36.077 	
1157	0.191322 0.012898 	0 0 0 32.6753 	
1178	0.260117 0.392889 	0 0 0 36.9767 	
1183	0.208738 0.395623 	0 0 0 33.1591 	
1184	0.208739 0.012898 	0 0 0 33.0822 	
1189	0.260125 0.0156308 	0 0 0 36.7491 	
1397	0.239198 0.165295 	0 0 0 187.366 	
1408	0.239608 0.234045 	0 0 0 193.391 	
1456	0.278951 0.016263 	0 0 0 34.3865 	
1519	0.278822 0.392286 	0 0 0 34.388 	
1535	0.362207 0.39125 	0 0 0 32.4139 	
1552	0.363058 0.0175 	0 0 0 33.2394 	
1584	0.467831 0.0175 	0 0 0 31.369 	
1631	0.467824 0.39125 	0 0 0 29.848 	
1733	0.725934 0.0175 	0 0 0 32.7822 	
1802	0.725934 0.39125 	0 0 0 31.2017 	
1824	0.764856 0.0174122 	0 0 0 33.2605 	
1866	0.890444 0.391665 	0 0 0 27.1948 	
1871	0.764856 0.391309 	0 0 0 31.3198 	
1872	0.946069 0.0165728 	0 0 0 31.0168 	
1914	1.15423 0.393497 	0 0 0 17.9799 	
1919	0.946069 0.391977 	0 0 0 28.6899 	
1920	1.22781 0.015 	0 0 0 17.9655 	
1962	1.46112 0.39375 	0 0 0 11.489 	
2048	2.41875 0.393603 	0 0 0 8.95171 	
2064	0.150241 0.204901 	0 0 0 0 	
2065	0.161349 0.23172 	0 0 0 0 	
2066	0.150247 0.195034 	0 0 0 0 	
2067	0.16828 0.238651 	0 0 0 0 	
2068	0.195099 0.249759 	0 0 0 0 	
2069	0.204901 0.249759 	0 0 0 0 	
2070	0.23172 0.238651 	0 0 0 0 	
2071	0.231171 0.160906 	0 0 0 0 	
2072	0.161642 0.167928 	0 0 0 0 	
2073	0.204801 0.150231 	0 0 0 0 	
2074	0.195164 0.150234 	0 0 0 0 	
2075	0.168636 0.161061 	0 0 0 0 	
2098	0.162814 0.237043 	0 0 0 117.519 	
2099	0.01617 0 	10.099 0 0 0 	
2100	0.11319 0 	10.0968 0 0 0 	
2102	0.138215 0 	10.0586 0 0 0 	
2103	0.1475 0.199886 	0 0 0 433.059 	
2106	0.2 0.252346 	0 0 0 85.2863 	
2107	0.191345 0 	9.66672 0 0 0 	
2108	0.208725 0 	9.70032 0 0 0 	
2110	0.259875 0 	10.1682 0 0 0 	
2111	0.237186 0.237043 	0 0 0 111.285 	
2112	0 0.0160675 	0 0 0 10.6368 	
2113	2.41875 0 	4.17951 0 0 0 	
2114	0.236683 0.162233 	0 0 0 106.914 	
2115	2.5 0.01506 	0 0 0 2.39583 	
2117	1.93125 0 	5.94456 0 0 0 	
2119	2.5 0.10542 	0 0 0 2.4057 	
2120	0.2 0.147425 	0 0 0 80.6656 	
2121	0.278713 0 	9.82786 0 0 0 	
2122	2.5 0.140253 	0 0 0 1.90887 	
2123	0.23784 0.232682 	0 0 0 0 	
2124	2.5 0.258888 	0 0 0 1.90891 	
2126	0.237375 0.166787 	0 0 0 0 	
2128	0.259866 0.41 	10.004 0 0 0 	
2130	2.5 0.295077 	0 0 0 2.23092 	
2131	0.208724 0.41 	9.43262 0 0 0 	
2133	0.191344 0.41 	9.36254 0 0 0 	
2134	0.163139 0.162406 	0 0 0 112.589 	
2136	0.138206 0.41 	9.86623 0 0 0 	
2137	1.93125 0.41 	5.49401 0 0 0 	
2140	0.113181 0.41 	9.42315 0 0 0 	
2142	0.278565 0.41 	9.56761 0 0 0 	
2143	0.0161687 0.41 	9.4223 0 0 0 	
2144	0 0.112472 	0 0 0 22.5244 	
2146	1.80625 0 	3.75089 0 0 0 	
2147	0 0.392421 	0 0 0 10.4538 	
2149	0 0.286949 	0 0 0 23.341 	
2151	0 0.260694 	0 0 0 32.792 	
2153	1.85 0.015 	0 0 0 6.0806 	
2155	0 0.208636 	0 0 0 168.309 	
2156	2.5 0.393582 	0 0 0 2.2206 	
2157	1.80625 0.41 	3.49429 0 0 0 	
2158	2.41875 0.41 	3.84814 0 0 0 	
2159	0 0.191032 	0 0 0 167.104 	
2163	0 0.137467 	0 0 0 31.5785 	
2164	0.340587 0 	9.96662 0 0 0 	
2166	0.339615 0.41 	9.71295 0 0 0 	
2167	0.349816 0.39125 	0 0 0 26.3968 	
2170	1.85 0.39375 	0 0 0 5.70247 	
2173	0.350787 0.0175 	0 0 0 26.4241 	
2175	0.152153 0.214514 	0 0 0 0 	
2177	0.155904 0.22357 	0 0 0 0 	
2178	0.17643 0.244096 	0 0 0 0 	
2179	0.185486 0.247847 	0 0 0 0 	
2180	0.15221 0.185298 	0 0 0 0 	
2181	0.363138 0 	9.72395 0 0 0 	
2182	0.214514 0.247847 	0 0 0 0 	
2183	0.22357 0.244096 	0 0 0 0 	
2184	0.156059 0.176142 	0 0 0 0 	
2185	0.223124 0.155669 	0 0 0 0 	
2186	0.214225 0.152066 	0 0 0 0 	
2188	1.54375 0.41 	4.64498 0 0 0 	
2189	0.185674 0.152096 	0 0 0 0 	
2190	1.54375 0 	4.99262 0 0 0 	
2191	0.176719 0.155751 	0 0 0 0 	
2199	0.436562 0 	9.72407 0 0 0 	
2207	0.44895 0.0175 	0 0 0 23.0355 	
2215	0.04851 0 	10.0982 0 0 0 	
2219	0.08085 0 	10.0975 0 0 0 	
2226	0.155925 0 	9.89615 0 0 0 	
2227	0.173635 0 	9.7635 0 0 0 	
2229	0.225775 0 	9.82357 0 0 0 	
2233	0.242825 0 	9.9815 0 0 0 	
2239	0.362165 0.41 	9.32091 0 0 0 	
2241	0.77055 0 	11.0004 0 0 0 	
2247	0.89265 0 	9.73259 0 0 0 	
2248	2.25625 0 	4.64056 0 0 0 	
2256	2.5 0.04518 	0 0 0 2.39987 	
2257	2.09375 0 	5.21363 0 0 0 	
2258	0.911375 0.0167975 	0 0 0 18.3676 	
2263	0.94765 0 	12.0192 0 0 0 	
2265	2.5 0.0753 	0 0 0 2.40316 	
2267	0 0.0482025 	0 0 0 12.9023 	
2271	1.15555 0 	7.68063 0 0 0 	
2274	2.5 0.179798 	0 0 0 1.90968 	
2277	2.5 0.219343 	0 0 0 1.90968 	
2290	0.299337 0 	9.87009 0 0 0 	
2291	0.242819 0.41 	9.79149 0 0 0 	
2293	1.18892 0.015 	0 0 0 10.3194 	
2294	0.225771 0.41 	9.59976 0 0 0 	
2299	0.173631 0.41 	9.50638 0 0 0 	
2302	1.22892 0 	7.32631 0 0 0 	
2307	0.155919 0.41 	9.67558 0 0 0 	
2312	2.5 0.327913 	0 0 0 2.22831 	
2315	0 0.0803375 	0 0 0 16.4001 	
2325	0.0808437 0.41 	9.42287 0 0 0 	
2326	2.09375 0.41 	4.81277 0 0 0 	
2327	0.0485063 0.41 	9.42258 0 0 0 	
2330	1.46128 0 	5.01082 0 0 0 	
2335	0.298915 0.41 	9.61401 0 0 0 	
2336	0 0.357264 	0 0 0 12.8054 	
2337	1.5 0.015 	0 0 0 6.58817 	
2340	0.24813 0.213547 	0 0 0 0 	
2343	0 0.322106 	0 0 0 16.5295 	
2346	1.5 0.39375 	0 0 0 6.26155 	
2349	2.5 0.360747 	0 0 0 2.22486 	
2350	0.319962 0 	9.91642 0 0 0 	
2351	0 0.243341 	0 0 0 45.5172 	
2355	0.15208 0.219739 	0 0 0 255.681 	
2356	1.46128 0.41 	4.67125 0 0 0 	
2357	2.25625 0.41 	4.27831 0 0 0 	
2359	0 0.225989 	0 0 0 77.0568 	
2364	0.248102 0.186356 	0 0 0 0 	
2371	0 0.173178 	0 0 0 74.2137 	
2372	1.71875 0 	4.09148 0 0 0 	
2374	0 0.155323 	0 0 0 43.8662 	
2375	0.242192 0.226829 	0 0 0 0 	
2377	0.180133 0.247772 	0 0 0 108.307 	
2379	0.152168 0.179821 	0 0 0 244.429 	
2381	0.319265 0.41 	9.66249 0 0 0 	
2391	0.064675 0.0160769 	0 0 0 21.2784 	
2393	0.24192 0.172747 	0 0 0 0 	
2400	0.219867 0.247772 	0 0 0 108.307 	
2401	1.71875 0.41 	3.81035 0 0 0 	
2407	0.436415 0.41 	9.32116 0 0 0 	
2423	0.180344 0.151913 	0 0 0 99.0048 	
2424	0.219541 0.151866 	0 0 0 98.5316 	
2425	0.4677 0 	10.3596 0 0 0 	
2426	1.63125 0 	4.49845 0 0 0 	
2428	0.164762 0.0142644 	0 0 0 26.3965 	
2431	0.448941 0.39125 	0 0 0 22.562 	
2436	1.63125 0.41 	4.18759 0 0 0 	
2440	1.22892 0.41 	6.80072 0 0 0 	
2444	0.731425 0 	10.7064 0 0 0 	
2447	0.234432 0.0142644 	0 0 0 26.9839 	
2469	0.387613 0 	9.72384 0 0 0 	
2506	0.412087 0 	9.72388 0 0 0 	
2517	1.18892 0.39375 	0 0 0 9.81737 	
2540	1.15555 0.41 	7.13134 0 0 0 	
2549	0.94765 0.41 	10.9526 0 0 0 	
2556	0.89265 0.41 	9.05008 0 0 0 	
2559	0.0646706 0.392427 	0 0 0 20.9041 	
2562	0.234428 0.394256 	0 0 0 27.6033 	
2563	0.164758 0.394256 	0 0 0 26.9513 	
2567	0.77055 0.41 	10.182 0 0 0 	
2628	0.81125 0 	10.8892 0 0 0 	
2637	0.85195 0 	10.4726 0 0 0 	
2639	0.731425 0.41 	9.97439 0 0 0 	
2647	0.245647 0.220405 	0 0 0 0 	
2649	0.467691 0.41 	9.65858 0 0 0 	
2665	1.01695 0 	10.2434 0 0 0 	
2668	0.386915 0.41 	9.32096 0 0 0 	
2671	1.08625 0 	8.79705 0 0 0 	
2674	0.309738 0.0167931 	0 0 0 27.0231 	
2679	0.245523 0.179319 	0 0 0 0 	
2722	1.30638 0 	6.36186 0 0 0 	
2724	0.5811 0 	10.3594 0 0 0 	
2741	1.38382 0 	5.60999 0 0 0 	
2751	0.618775 0 	10.3761 0 0 0 	
2778	0.309248 0.391842 	0 0 0 27.419 	
2830	1.38382 0.41 	5.22485 0 0 0 	
2831	0.618775 0.41 	9.68059 0 0 0 	
2834	0.411665 0.41 	9.32104 0 0 0 	
2837	0.581099 0.41 	9.65841 0 0 0 	
2874	2.175 0.01503 	0 0 0 5.83887 	
2930	1.30638 0.41 	5.91713 0 0 0 	
2997	2.175 0.393666 	0 0 0 5.42342 	
3023	0.5055 0 	10.3595 0 0 0 	
3029	0.399869 0.0175 	0 0 0 24.9628 	
3034	0.6 0.39125 	0 0 0 20.6122 	
3049	1.675 0.015 	0 0 0 5.54425 	
3050	0.693875 0 	10.5412 0 0 0 	
3052	0.6 0.0175 	0 0 0 21.2221 	
3066	1.675 0.39375 	0 0 0 5.25913 	
3073	1.08625 0.41 	8.13561 0 0 0 	
3079	1.01695 0.41 	9.41669 0 0 0 	
3085	0.85195 0.41 	9.69776 0 0 0 	
3091	0.81125 0.41 	10.0674 0 0 0 	
3174	0.82765 0.0171488 	0 0 0 21.0488 	
3193	0.5433 0 	10.3594 0 0 0 	
3205	0.693875 0.41 	9.82749 0 0 0 	
3223	0.505494 0.41 	9.65849 0 0 0 	
3236	0.656325 0 	10.4311 0 0 0 	
3274	1.05015 0.0158987 	0 0 0 13.5371 	
3385	0.656325 0.41 	9.72955 0 0 0 	
3396	0.543296 0.41 	9.65844 0 0 0 	
3406	1.34446 0.015 	0 0 0 7.99273 	
3539	1.34446 0.39375 	0 0 0 7.60667 	
3645	0.82765 0.391487 	0 0 0 20.2502 	
3648	1.05015 0.392737 	0 0 0 12.8613 	
3736	0.671963 0.39125 	0 0 0 21.1376 	
