0 3.12175e-05
0.0654498 3.12175e-05


0.0654498 2.83195e-05
0.1309 2.83195e-05


0.1309 2.5833e-05
0.19635 2.5833e-05


0.19635 2.36763e-05
0.261799 2.36763e-05


0.261799 2.17899e-05
0.327249 2.17899e-05


0.327249 2.01276e-05
0.392699 2.01276e-05


0.392699 1.8653e-05
0.458149 1.8653e-05


0.458149 1.73365e-05
0.523599 1.73365e-05


0.523599 1.61543e-05
0.589049 1.61543e-05


0.589049 1.50867e-05
0.654498 1.50867e-05


0.654498 1.41173e-05
0.719948 1.41173e-05


0.719948 1.32326e-05
0.785398 1.32326e-05


0.785398 1.24213e-05
0.850848 1.24213e-05


0.850848 1.16737e-05
0.916298 1.16737e-05


0.916298 1.09821e-05
0.981748 1.09821e-05


0.981748 1.03399e-05
1.0472 1.03399e-05


1.0472 9.74149e-06
1.11265 9.74149e-06


1.11265 9.18244e-06
1.1781 9.18244e-06


1.1781 8.65897e-06
1.24355 8.65897e-06


1.24355 8.168e-06
1.309 8.168e-06


1.309 2.95227e-05
1.4399 2.95227e-05


1.4399 2.63446e-05
1.5708 2.63446e-05


1.5708 2.35382e-05
1.7017 2.35382e-05


1.7017 2.10756e-05
1.8326 2.10756e-05


1.8326 1.89373e-05
1.9635 1.89373e-05


1.9635 1.71081e-05
2.0944 1.71081e-05


2.0944 1.55721e-05
2.22529 1.55721e-05


2.22529 1.43099e-05
2.35619 1.43099e-05


2.35619 1.32947e-05
2.48709 1.32947e-05


2.48709 1.24919e-05
2.61799 1.24919e-05


2.61799 1.18592e-05
2.74889 1.18592e-05


2.74889 1.135e-05
2.87979 1.135e-05


2.87979 1.09168e-05
3.01069 1.09168e-05


3.01069 1.0516e-05
3.14159 1.0516e-05


3.14159 1.01116e-05
3.27249 1.01116e-05


3.27249 9.67761e-06
3.40339 9.67761e-06


3.40339 9.19944e-06
3.53429 9.19944e-06


3.53429 8.67304e-06
3.66519 8.67304e-06


3.66519 3.13639e-05
3.92699 3.13639e-05


3.92699 2.649e-05
4.18879 2.649e-05


4.18879 2.16696e-05
4.45059 2.16696e-05


4.45059 1.72723e-05
4.71239 1.72723e-05


4.71239 1.34781e-05
4.97419 1.34781e-05


4.97419 1.02925e-05
5.23599 1.02925e-05


5.23599 2.87949e-05
5.75959 2.87949e-05


5.75959 1.28087e-05
6.28319 1.28087e-05


