0 2.11142e-06
0.0163625 2.11142e-06


0.0163625 2.05539e-06
0.0327249 2.05539e-06


0.0327249 2.00235e-06
0.0490874 2.00235e-06


0.0490874 1.95155e-06
0.0654498 1.95155e-06


0.0654498 1.90285e-06
0.0818123 1.90285e-06


0.0818123 1.85612e-06
0.0981748 1.85612e-06


0.0981748 1.81124e-06
0.114537 1.81124e-06


0.114537 1.7681e-06
0.1309 1.7681e-06


0.1309 1.72661e-06
0.147262 1.72661e-06


0.147262 1.68666e-06
0.163625 1.68666e-06


0.163625 1.64819e-06
0.179987 1.64819e-06


0.179987 1.6111e-06
0.19635 1.6111e-06


0.19635 1.57533e-06
0.212712 1.57533e-06


0.212712 1.54081e-06
0.229074 1.54081e-06


0.229074 1.50748e-06
0.245437 1.50748e-06


0.245437 1.47528e-06
0.261799 1.47528e-06


0.261799 1.44415e-06
0.278162 1.44415e-06


0.278162 1.41405e-06
0.294524 1.41405e-06


0.294524 1.38492e-06
0.310887 1.38492e-06


0.310887 1.35672e-06
0.327249 1.35672e-06


0.327249 1.32941e-06
0.343612 1.32941e-06


0.343612 1.30294e-06
0.359974 1.30294e-06


0.359974 1.27729e-06
0.376337 1.27729e-06


0.376337 1.25241e-06
0.392699 1.25241e-06


0.392699 1.22827e-06
0.409062 1.22827e-06


0.409062 1.20484e-06
0.425424 1.20484e-06


0.425424 1.18209e-06
0.441786 1.18209e-06


0.441786 1.15999e-06
0.458149 1.15999e-06


0.458149 1.13851e-06
0.474511 1.13851e-06


0.474511 1.11763e-06
0.490874 1.11763e-06


0.490874 1.09732e-06
0.507236 1.09732e-06


0.507236 1.07756e-06
0.523599 1.07756e-06


0.523599 4.16577e-06
0.556324 4.16577e-06


0.556324 4.02177e-06
0.589049 4.02177e-06


0.589049 3.88495e-06
0.621774 3.88495e-06


0.621774 3.75477e-06
0.654498 3.75477e-06


0.654498 3.63074e-06
0.687223 3.63074e-06


0.687223 3.51241e-06
0.719948 3.51241e-06


0.719948 3.39938e-06
0.752673 3.39938e-06


0.752673 3.29127e-06
0.785398 3.29127e-06


0.785398 3.18774e-06
0.818123 3.18774e-06


0.818123 3.08849e-06
0.850848 3.08849e-06


0.850848 2.99323e-06
0.883573 2.99323e-06


0.883573 2.9017e-06
0.916298 2.9017e-06


0.916298 2.81366e-06
0.949023 2.81366e-06


0.949023 2.72891e-06
0.981748 2.72891e-06


0.981748 2.64724e-06
1.01447 2.64724e-06


1.01447 2.56848e-06
1.0472 2.56848e-06


1.0472 2.49246e-06
1.07992 2.49246e-06


1.07992 2.41904e-06
1.11265 2.41904e-06


1.11265 2.34809e-06
1.14537 2.34809e-06


1.14537 2.27947e-06
1.1781 2.27947e-06


1.1781 2.21309e-06
1.21082 2.21309e-06


1.21082 2.14883e-06
1.24355 2.14883e-06


1.24355 2.08661e-06
1.27627 2.08661e-06


1.27627 2.02635e-06
1.309 2.02635e-06


1.309 1.96797e-06
1.34172 1.96797e-06


1.34172 1.9114e-06
1.37445 1.9114e-06


1.37445 1.85658e-06
1.40717 1.85658e-06


1.40717 1.80346e-06
1.4399 1.80346e-06


1.4399 1.75198e-06
1.47262 1.75198e-06


1.47262 1.70209e-06
1.50535 1.70209e-06


1.50535 1.65377e-06
1.53807 1.65377e-06


1.53807 1.60695e-06
1.5708 1.60695e-06


1.5708 1.56162e-06
1.60352 1.56162e-06


1.60352 1.51774e-06
1.63625 1.51774e-06


1.63625 1.47528e-06
1.66897 1.47528e-06


1.66897 1.43422e-06
1.7017 1.43422e-06


1.7017 1.39452e-06
1.73442 1.39452e-06


1.73442 1.35618e-06
1.76715 1.35618e-06


1.76715 1.31916e-06
1.79987 1.31916e-06


1.79987 1.28346e-06
1.8326 1.28346e-06


1.8326 1.24905e-06
1.86532 1.24905e-06


1.86532 1.21591e-06
1.89805 1.21591e-06


1.89805 1.18403e-06
1.93077 1.18403e-06


1.93077 1.15339e-06
1.9635 1.15339e-06


1.9635 1.12398e-06
1.99622 1.12398e-06


1.99622 1.09578e-06
2.02895 1.09578e-06


2.02895 4.20442e-06
2.0944 4.20442e-06


2.0944 4.00893e-06
2.15984 4.00893e-06


2.15984 3.83131e-06
2.22529 3.83131e-06


2.22529 3.67081e-06
2.29074 3.67081e-06


2.29074 3.5266e-06
2.35619 3.5266e-06


2.35619 3.3977e-06
2.42164 3.3977e-06


2.42164 3.28299e-06
2.48709 3.28299e-06


2.48709 3.18122e-06
2.55254 3.18122e-06


2.55254 3.09106e-06
2.61799 3.09106e-06


2.61799 3.01104e-06
2.68344 3.01104e-06


2.68344 2.93966e-06
2.74889 2.93966e-06


2.74889 2.87539e-06
2.81434 2.87539e-06


2.81434 2.81669e-06
2.87979 2.81669e-06


2.87979 2.76208e-06
2.94524 2.76208e-06


2.94524 2.71015e-06
3.01069 2.71015e-06


3.01069 2.65961e-06
3.07614 2.65961e-06


3.07614 2.60928e-06
3.14159 2.60928e-06


3.14159 2.55819e-06
3.20704 2.55819e-06


3.20704 2.50549e-06
3.27249 2.50549e-06


3.27249 2.45056e-06
3.33794 2.45056e-06


3.33794 2.39292e-06
3.40339 2.39292e-06


3.40339 2.33231e-06
3.46884 2.33231e-06


3.46884 2.26861e-06
3.53429 2.26861e-06


3.53429 2.20184e-06
3.59974 2.20184e-06


3.59974 2.13219e-06
3.66519 2.13219e-06


3.66519 2.05991e-06
3.73064 2.05991e-06


3.73064 1.98539e-06
3.79609 1.98539e-06


3.79609 1.90904e-06
3.86154 1.90904e-06


3.86154 1.83134e-06
3.92699 1.83134e-06


3.92699 1.75277e-06
3.99244 1.75277e-06


3.99244 1.67384e-06
4.05789 1.67384e-06


4.05789 1.59503e-06
4.12334 1.59503e-06


4.12334 1.5168e-06
4.18879 1.5168e-06


4.18879 1.43957e-06
4.25424 1.43957e-06


4.25424 1.36372e-06
4.31969 1.36372e-06


4.31969 1.28959e-06
4.38514 1.28959e-06


4.38514 1.21745e-06
4.45059 1.21745e-06


4.45059 1.14753e-06
4.51604 1.14753e-06


4.51604 1.07999e-06
4.58149 1.07999e-06


4.58149 3.97288e-06
4.71239 3.97288e-06


4.71239 3.49571e-06
4.84329 3.49571e-06


4.84329 3.05908e-06
4.97419 3.05908e-06


4.97419 2.66061e-06
5.10509 2.66061e-06


5.10509 2.29673e-06
5.23599 2.29673e-06


5.23599 1.96327e-06
5.36689 1.96327e-06


5.36689 1.65609e-06
5.49779 1.65609e-06


5.49779 1.3714e-06
5.62869 1.3714e-06


5.62869 1.10604e-06
5.75959 1.10604e-06


5.75959 3.33415e-06
6.02139 3.33415e-06


6.02139 1.57093e-06
6.28319 1.57093e-06


