0 8.22286e-06
0.0327249 8.22286e-06


0.0327249 7.8082e-06
0.0654498 7.8082e-06


0.0654498 7.42796e-06
0.0981748 7.42796e-06


0.0981748 7.07705e-06
0.1309 7.07705e-06


0.1309 6.75223e-06
0.163625 6.75223e-06


0.163625 6.45072e-06
0.19635 6.45072e-06


0.19635 6.17016e-06
0.229074 6.17016e-06


0.229074 5.9085e-06
0.261799 5.9085e-06


0.261799 5.66394e-06
0.294524 5.66394e-06


0.294524 5.43492e-06
0.327249 5.43492e-06


0.327249 5.22004e-06
0.359974 5.22004e-06


0.359974 5.01807e-06
0.392699 5.01807e-06


0.392699 4.82791e-06
0.425424 4.82791e-06


0.425424 4.64859e-06
0.458149 4.64859e-06


0.458149 4.4792e-06
0.490874 4.4792e-06


0.490874 4.31896e-06
0.523599 4.31896e-06


0.523599 1.61486e-05
0.589049 1.61486e-05


0.589049 1.50814e-05
0.654498 1.50814e-05


0.654498 1.41124e-05
0.719948 1.41124e-05


0.719948 1.3228e-05
0.785398 1.3228e-05


0.785398 1.24169e-05
0.850848 1.24169e-05


0.850848 1.16696e-05
0.916298 1.16696e-05


0.916298 1.09782e-05
0.981748 1.09782e-05


0.981748 1.03361e-05
1.0472 1.03361e-05


1.0472 9.73791e-06
1.11265 9.73791e-06


1.11265 9.179e-06
1.1781 9.179e-06


1.1781 8.65565e-06
1.24355 8.65565e-06


1.24355 8.16478e-06
1.309 8.16478e-06


1.309 7.70387e-06
1.37445 7.70387e-06


1.37445 7.2708e-06
1.4399 7.2708e-06


1.4399 6.86388e-06
1.50535 6.86388e-06


1.50535 6.48167e-06
1.5708 6.48167e-06


1.5708 6.12301e-06
1.63625 6.12301e-06


1.63625 5.78694e-06
1.7017 5.78694e-06


1.7017 5.47267e-06
1.76715 5.47267e-06


1.76715 5.17951e-06
1.8326 5.17951e-06


1.8326 4.9069e-06
1.89805 4.9069e-06


1.89805 4.65431e-06
1.9635 4.65431e-06


1.9635 4.42125e-06
2.02895 4.42125e-06


2.02895 4.20721e-06
2.0944 4.20721e-06


2.0944 1.5562e-05
2.22529 1.5562e-05


2.22529 1.43013e-05
2.35619 1.43013e-05


2.35619 1.32881e-05
2.48709 1.32881e-05


2.48709 1.24875e-05
2.61799 1.24875e-05


2.61799 1.18572e-05
2.74889 1.18572e-05


2.74889 1.13501e-05
2.87979 1.13501e-05


2.87979 1.09187e-05
3.01069 1.09187e-05


3.01069 1.05192e-05
3.14159 1.05192e-05


3.14159 1.01153e-05
3.27249 1.01153e-05


3.27249 9.68123e-06
3.40339 9.68123e-06


3.40339 9.20254e-06
3.53429 9.20254e-06


3.53429 8.67529e-06
3.66519 8.67529e-06


3.66519 8.10436e-06
3.79609 8.10436e-06


3.79609 7.50083e-06
3.92699 7.50083e-06


3.92699 6.8792e-06
4.05789 6.8792e-06


4.05789 6.25493e-06
4.18879 6.25493e-06


4.18879 5.64244e-06
4.31969 5.64244e-06


4.31969 5.05372e-06
4.45059 5.05372e-06


4.45059 4.49763e-06
4.58149 4.49763e-06


4.58149 3.97969e-06
4.71239 3.97969e-06


4.71239 1.34584e-05
4.97419 1.34584e-05


4.97419 1.02779e-05
5.23599 1.02779e-05


5.23599 7.60914e-06
5.49779 7.60914e-06


5.49779 5.32926e-06
5.75959 5.32926e-06


5.75959 1.27964e-05
6.28319 1.27964e-05


