0 1.24515e-05
0.0654498 1.24515e-05


0.0654498 8.29172e-06
0.1309 8.29172e-06


0.1309 4.16215e-05
0.261799 4.16215e-05


0.261799 2.45503e-05
0.392699 2.45503e-05


0.392699 1.56039e-05
0.523599 1.56039e-05


0.523599 1.03664e-05
0.654498 1.03664e-05


0.654498 7.09571e-06
0.785398 7.09571e-06


0.785398 3.39707e-05
1.0472 3.39707e-05


1.0472 1.7527e-05
1.309 1.7527e-05


1.309 9.33453e-06
1.5708 9.33453e-06


1.5708 3.06933e-05
2.0944 3.06933e-05


2.0944 3.32393e-05
3.14159 3.32393e-05


3.14159 2.81804e-05
4.18879 2.81804e-05


4.18879 3.52553e-05
5.23599 3.52553e-05


5.23599 3.60518e-05
6.28319 3.60518e-05


