0 3.12249e-05
0.0654498 3.12249e-05


0.0654498 2.83264e-05
0.1309 2.83264e-05


0.1309 2.58394e-05
0.19635 2.58394e-05


0.19635 2.36823e-05
0.261799 2.36823e-05


0.261799 2.17956e-05
0.327249 2.17956e-05


0.327249 2.0133e-05
0.392699 2.0133e-05


0.392699 1.86581e-05
0.458149 1.86581e-05


0.458149 1.73414e-05
0.523599 1.73414e-05


0.523599 6.07716e-05
0.654498 6.07716e-05


0.654498 5.33784e-05
0.785398 5.33784e-05


0.785398 4.71542e-05
0.916298 4.71542e-05


0.916298 4.1823e-05
1.0472 4.1823e-05


1.0472 3.71913e-05
1.1781 3.71913e-05


1.1781 3.31254e-05
1.309 3.31254e-05


1.309 2.95341e-05
1.4399 2.95341e-05


1.4399 2.63561e-05
1.5708 2.63561e-05


1.5708 2.35498e-05
1.7017 2.35498e-05


1.7017 2.10873e-05
1.8326 2.10873e-05


1.8326 1.89489e-05
1.9635 1.89489e-05


1.9635 1.71192e-05
2.0944 1.71192e-05


2.0944 5.88852e-05
2.35619 5.88852e-05


2.35619 5.10283e-05
2.61799 5.10283e-05


2.61799 4.60935e-05
2.87979 4.60935e-05


2.87979 4.26887e-05
3.14159 4.26887e-05


3.14159 3.95166e-05
3.40339 3.95166e-05


3.40339 3.5789e-05
3.66519 3.5789e-05


3.66519 3.13517e-05
3.92699 3.13517e-05


3.92699 2.65038e-05
4.18879 2.65038e-05


4.18879 2.16981e-05
4.45059 2.16981e-05


4.45059 1.73043e-05
4.71239 1.73043e-05


4.71239 5.03051e-05
5.23599 5.03051e-05


5.23599 2.88314e-05
5.75959 2.88314e-05


5.75959 1.28224e-05
6.28319 1.28224e-05


