0 0.00011307
0.1309 0.00011307


0.1309 9.48992e-05
0.261799 9.48992e-05


0.261799 8.08846e-05
0.392699 8.08846e-05


0.392699 6.98013e-05
0.523599 6.98013e-05


0.523599 0.000216449
0.785398 0.000216449


0.785398 0.000170699
1.0472 0.000170699


1.0472 0.000136016
1.309 0.000136016


1.309 0.000108782
1.5708 0.000108782


1.5708 8.73218e-05
1.8326 8.73218e-05


1.8326 7.08813e-05
2.0944 7.08813e-05


2.0944 0.000214362
2.61799 0.000214362


2.61799 0.000175376
3.14159 0.000175376


3.14159 0.000150391
3.66519 0.000150391


3.66519 0.000117281
4.18879 0.000117281


4.18879 8.06294e-05
4.71239 8.06294e-05


4.71239 5.05669e-05
5.23599 5.05669e-05


5.23599 0.000106936
6.28319 0.000106936


