0 8.22179e-06
0.0327249 8.22179e-06


0.0327249 7.80718e-06
0.0654498 7.80718e-06


0.0654498 7.42697e-06
0.0981748 7.42697e-06


0.0981748 7.07611e-06
0.1309 7.07611e-06


0.1309 6.75132e-06
0.163625 6.75132e-06


0.163625 6.44984e-06
0.19635 6.44984e-06


0.19635 6.16931e-06
0.229074 6.16931e-06


0.229074 5.90767e-06
0.261799 5.90767e-06


0.261799 5.66314e-06
0.294524 5.66314e-06


0.294524 5.43414e-06
0.327249 5.43414e-06


0.327249 5.21928e-06
0.359974 5.21928e-06


0.359974 5.01734e-06
0.392699 5.01734e-06


0.392699 4.8272e-06
0.425424 4.8272e-06


0.425424 4.64789e-06
0.458149 4.64789e-06


0.458149 4.47853e-06
0.490874 4.47853e-06


0.490874 4.3183e-06
0.523599 4.3183e-06


0.523599 4.16651e-06
0.556324 4.16651e-06


0.556324 4.02248e-06
0.589049 4.02248e-06


0.589049 3.88563e-06
0.621774 3.88563e-06


0.621774 3.75543e-06
0.654498 3.75543e-06


0.654498 3.63137e-06
0.687223 3.63137e-06


0.687223 3.51302e-06
0.719948 3.51302e-06


0.719948 3.39996e-06
0.752673 3.39996e-06


0.752673 3.29183e-06
0.785398 3.29183e-06


0.785398 3.18829e-06
0.818123 3.18829e-06


0.818123 3.08902e-06
0.850848 3.08902e-06


0.850848 2.99374e-06
0.883573 2.99374e-06


0.883573 2.90219e-06
0.916298 2.90219e-06


0.916298 2.81414e-06
0.949023 2.81414e-06


0.949023 2.72938e-06
0.981748 2.72938e-06


0.981748 2.6477e-06
1.01447 2.6477e-06


1.01447 2.56892e-06
1.0472 2.56892e-06


1.0472 2.4929e-06
1.07992 2.4929e-06


1.07992 2.41947e-06
1.11265 2.41947e-06


1.11265 2.3485e-06
1.14537 2.3485e-06


1.14537 2.27988e-06
1.1781 2.27988e-06


1.1781 2.21348e-06
1.21082 2.21348e-06


1.21082 2.14922e-06
1.24355 2.14922e-06


1.24355 8.16321e-06
1.309 8.16321e-06


1.309 7.7023e-06
1.37445 7.7023e-06


1.37445 7.26923e-06
1.4399 7.26923e-06


1.4399 6.86231e-06
1.50535 6.86231e-06


1.50535 6.48009e-06
1.5708 6.48009e-06


1.5708 6.12143e-06
1.63625 6.12143e-06


1.63625 5.78536e-06
1.7017 5.78536e-06


1.7017 5.47109e-06
1.76715 5.47109e-06


1.76715 5.17793e-06
1.8326 5.17793e-06


1.8326 4.90533e-06
1.89805 4.90533e-06


1.89805 4.65276e-06
1.9635 4.65276e-06


1.9635 4.41972e-06
2.02895 4.41972e-06


2.02895 4.20571e-06
2.0944 4.20571e-06


2.0944 4.01017e-06
2.15984 4.01017e-06


2.15984 3.83247e-06
2.22529 3.83247e-06


2.22529 3.67189e-06
2.29074 3.67189e-06


2.29074 3.52758e-06
2.35619 3.52758e-06


2.35619 3.39856e-06
2.42164 3.39856e-06


2.42164 3.28372e-06
2.48709 3.28372e-06


2.48709 3.18181e-06
2.55254 3.18181e-06


2.55254 3.0915e-06
2.61799 3.0915e-06


2.61799 3.01133e-06
2.68344 3.01133e-06


2.68344 2.93981e-06
2.74889 2.93981e-06


2.74889 2.8754e-06
2.81434 2.8754e-06


2.81434 2.81657e-06
2.87979 2.81657e-06


2.87979 2.76184e-06
2.94524 2.76184e-06


2.94524 2.70981e-06
3.01069 2.70981e-06


3.01069 2.65918e-06
3.07614 2.65918e-06


3.07614 2.60879e-06
3.14159 2.60879e-06


3.14159 2.55765e-06
3.20704 2.55765e-06


3.20704 2.50493e-06
3.27249 2.50493e-06


3.27249 2.44999e-06
3.33794 2.44999e-06


3.33794 2.39237e-06
3.40339 2.39237e-06


3.40339 2.33179e-06
3.46884 2.33179e-06


3.46884 2.26813e-06
3.53429 2.26813e-06


3.53429 2.20141e-06
3.59974 2.20141e-06


3.59974 2.13181e-06
3.66519 2.13181e-06


3.66519 8.10743e-06
3.79609 8.10743e-06


3.79609 7.50207e-06
3.92699 7.50207e-06


3.92699 6.87872e-06
4.05789 6.87872e-06


4.05789 6.25301e-06
4.18879 6.25301e-06


4.18879 5.63941e-06
4.31969 5.63941e-06


4.31969 5.04996e-06
4.45059 5.04996e-06


4.45059 4.4935e-06
4.58149 4.4935e-06


4.58149 3.97547e-06
4.71239 3.97547e-06


4.71239 3.4982e-06
4.84329 3.4982e-06


4.84329 3.06134e-06
4.97419 3.06134e-06


4.97419 2.66259e-06
5.10509 2.66259e-06


5.10509 2.2984e-06
5.23599 2.2984e-06


5.23599 7.60146e-06
5.49779 7.60146e-06


5.49779 5.32436e-06
5.75959 5.32436e-06


5.75959 3.33583e-06
6.02139 3.33583e-06


6.02139 1.57174e-06
6.28319 1.57174e-06


