0 0.000113034
0.1309 0.000113034


0.1309 9.48674e-05
0.261799 9.48674e-05


0.261799 8.08563e-05
0.392699 8.08563e-05


0.392699 6.97758e-05
0.523599 6.97758e-05


0.523599 6.08153e-05
0.654498 6.08153e-05


0.654498 5.34169e-05
0.785398 5.34169e-05


0.785398 4.71887e-05
0.916298 4.71887e-05


0.916298 4.18546e-05
1.0472 4.18546e-05


1.0472 3.72206e-05
1.1781 3.72206e-05


1.1781 3.3153e-05
1.309 3.3153e-05


1.309 0.000108723
1.5708 0.000108723


1.5708 8.72594e-05
1.8326 8.72594e-05


1.8326 7.08221e-05
2.0944 7.08221e-05


2.0944 5.89644e-05
2.35619 5.89644e-05


2.35619 5.10739e-05
2.61799 5.10739e-05


2.61799 4.61029e-05
2.87979 4.61029e-05


2.87979 4.26742e-05
3.14159 4.26742e-05


3.14159 3.94973e-05
3.40339 3.94973e-05


3.40339 3.57801e-05
3.66519 3.57801e-05


3.66519 0.000117232
4.18879 0.000117232


4.18879 8.04129e-05
4.71239 8.04129e-05


4.71239 5.04442e-05
5.23599 5.04442e-05


5.23599 0.000106815
6.28319 0.000106815


