0 0.00409062
0.0163625 0.00409062


0.0163625 0.00409062
0.0327249 0.00409062


0.0327249 0.00409062
0.0490874 0.00409062


0.0490874 0.00409062
0.0654498 0.00409062


0.0654498 0.00409062
0.0818123 0.00409062


0.0818123 0.00409062
0.0981748 0.00409062


0.0981748 0.00409062
0.114537 0.00409062


0.114537 0.00409062
0.1309 0.00409062


0.1309 0.00409062
0.147262 0.00409062


0.147262 0.00409062
0.163625 0.00409062


0.163625 0.00409062
0.179987 0.00409062


0.179987 0.00409062
0.19635 0.00409062


0.19635 0.00409062
0.212712 0.00409062


0.212712 0.00409062
0.229074 0.00409062


0.229074 0.00409062
0.245437 0.00409062


0.245437 0.00409062
0.261799 0.00409062


0.261799 0.00409062
0.278162 0.00409062


0.278162 0.00409062
0.294524 0.00409062


0.294524 0.00409062
0.310887 0.00409062


0.310887 0.00409062
0.327249 0.00409062


0.327249 0.00409062
0.343612 0.00409062


0.343612 0.00409062
0.359974 0.00409062


0.359974 0.00409062
0.376337 0.00409062


0.376337 0.00409062
0.392699 0.00409062


0.392699 0.00409062
0.409062 0.00409062


0.409062 0.00409062
0.425424 0.00409062


0.425424 0.00409062
0.441786 0.00409062


0.441786 0.00409062
0.458149 0.00409062


0.458149 0.00409062
0.474511 0.00409062


0.474511 0.00409062
0.490874 0.00409062


0.490874 0.00409062
0.507236 0.00409062


0.507236 0.00409062
0.523599 0.00409062


0.523599 0.00409062
0.539961 0.00409062


0.539961 0.00409062
0.556324 0.00409062


0.556324 0.00409062
0.572686 0.00409062


0.572686 0.00409062
0.589049 0.00409062


0.589049 0.00409062
0.605411 0.00409062


0.605411 0.00409062
0.621774 0.00409062


0.621774 0.00409062
0.638136 0.00409062


0.638136 0.00409062
0.654498 0.00409062


0.654498 0.00409062
0.670861 0.00409062


0.670861 0.00409062
0.687223 0.00409062


0.687223 0.00409062
0.703586 0.00409062


0.703586 0.00409062
0.719948 0.00409062


0.719948 0.00409062
0.736311 0.00409062


0.736311 0.00409062
0.752673 0.00409062


0.752673 0.00409062
0.769036 0.00409062


0.769036 0.00409062
0.785398 0.00409062


0.785398 0.00409062
0.801761 0.00409062


0.801761 0.00409062
0.818123 0.00409062


0.818123 0.00409062
0.834486 0.00409062


0.834486 0.00409062
0.850848 0.00409062


0.850848 0.00409062
0.86721 0.00409062


0.86721 0.00409062
0.883573 0.00409062


0.883573 0.00409062
0.899935 0.00409062


0.899935 0.00409062
0.916298 0.00409062


0.916298 0.00409062
0.93266 0.00409062


0.93266 0.00409062
0.949023 0.00409062


0.949023 0.00409062
0.965385 0.00409062


0.965385 0.00409062
0.981748 0.00409062


0.981748 0.00409062
0.99811 0.00409062


0.99811 0.00409062
1.01447 0.00409062


1.01447 0.00409062
1.03084 0.00409062


1.03084 0.00409062
1.0472 0.00409062


1.0472 0.00409062
1.06356 0.00409062


1.06356 0.00409062
1.07992 0.00409062


1.07992 0.00409062
1.09628 0.00409062


1.09628 0.00409062
1.11265 0.00409062


1.11265 0.00409062
1.12901 0.00409062


1.12901 0.00409062
1.14537 0.00409062


1.14537 0.00409062
1.16173 0.00409062


1.16173 0.00409062
1.1781 0.00409062


1.1781 0.00409062
1.19446 0.00409062


1.19446 0.00409062
1.21082 0.00409062


1.21082 0.00409062
1.22718 0.00409062


1.22718 0.00409062
1.24355 0.00409062


1.24355 0.00818123
1.27627 0.00818123


1.27627 0.00818123
1.309 0.00818123


1.309 0.00818123
1.34172 0.00818123


1.34172 0.00818123
1.37445 0.00818123


1.37445 0.00818123
1.40717 0.00818123


1.40717 0.00818123
1.4399 0.00818123


1.4399 0.00818123
1.47262 0.00818123


1.47262 0.00818123
1.50535 0.00818123


1.50535 0.00818123
1.53807 0.00818123


1.53807 0.00818123
1.5708 0.00818123


1.5708 0.00818123
1.60352 0.00818123


1.60352 0.00818123
1.63625 0.00818123


1.63625 0.00818123
1.66897 0.00818123


1.66897 0.00818123
1.7017 0.00818123


1.7017 0.00818123
1.73442 0.00818123


1.73442 0.00818123
1.76715 0.00818123


1.76715 0.00818123
1.79987 0.00818123


1.79987 0.00818123
1.8326 0.00818123


1.8326 0.00818123
1.86532 0.00818123


1.86532 0.00818123
1.89805 0.00818123


1.89805 0.00818123
1.93077 0.00818123


1.93077 0.00818123
1.9635 0.00818123


1.9635 0.00818123
1.99622 0.00818123


1.99622 0.00818123
2.02895 0.00818123


2.02895 0.00818123
2.06167 0.00818123


2.06167 0.00818123
2.0944 0.00818123


2.0944 0.00818123
2.12712 0.00818123


2.12712 0.00818123
2.15984 0.00818123


2.15984 0.00818123
2.19257 0.00818123


2.19257 0.00818123
2.22529 0.00818123


2.22529 0.00818123
2.25802 0.00818123


2.25802 0.00818123
2.29074 0.00818123


2.29074 0.00818123
2.32347 0.00818123


2.32347 0.00818123
2.35619 0.00818123


2.35619 0.00818123
2.38892 0.00818123


2.38892 0.00818123
2.42164 0.00818123


2.42164 0.00818123
2.45437 0.00818123


2.45437 0.00818123
2.48709 0.00818123


2.48709 0.00818123
2.51982 0.00818123


2.51982 0.00818123
2.55254 0.00818123


2.55254 0.00818123
2.58527 0.00818123


2.58527 0.00818123
2.61799 0.00818123


2.61799 0.00818123
2.65072 0.00818123


2.65072 0.00818123
2.68344 0.00818123


2.68344 0.00818123
2.71617 0.00818123


2.71617 0.00818123
2.74889 0.00818123


2.74889 0.00818123
2.78162 0.00818123


2.78162 0.00818123
2.81434 0.00818123


2.81434 0.00818123
2.84707 0.00818123


2.84707 0.00818123
2.87979 0.00818123


2.87979 0.00818123
2.91252 0.00818123


2.91252 0.00818123
2.94524 0.00818123


2.94524 0.00818123
2.97797 0.00818123


2.97797 0.00818123
3.01069 0.00818123


3.01069 0.00818123
3.04342 0.00818123


3.04342 0.00818123
3.07614 0.00818123


3.07614 0.00818123
3.10887 0.00818123


3.10887 0.00818123
3.14159 0.00818123


3.14159 0.00818123
3.17432 0.00818123


3.17432 0.00818123
3.20704 0.00818123


3.20704 0.00818123
3.23977 0.00818123


3.23977 0.00818123
3.27249 0.00818123


3.27249 0.00818123
3.30522 0.00818123


3.30522 0.00818123
3.33794 0.00818123


3.33794 0.00818123
3.37067 0.00818123


3.37067 0.00818123
3.40339 0.00818123


3.40339 0.00818123
3.43612 0.00818123


3.43612 0.00818123
3.46884 0.00818123


3.46884 0.00818123
3.50157 0.00818123


3.50157 0.00818123
3.53429 0.00818123


3.53429 0.00818123
3.56702 0.00818123


3.56702 0.00818123
3.59974 0.00818123


3.59974 0.0163625
3.66519 0.0163625


3.66519 0.0163625
3.73064 0.0163625


3.73064 0.0163625
3.79609 0.0163625


3.79609 0.0163625
3.86154 0.0163625


3.86154 0.0163625
3.92699 0.0163625


3.92699 0.0163625
3.99244 0.0163625


3.99244 0.0163625
4.05789 0.0163625


4.05789 0.0163625
4.12334 0.0163625


4.12334 0.0163625
4.18879 0.0163625


4.18879 0.0163625
4.25424 0.0163625


4.25424 0.0163625
4.31969 0.0163625


4.31969 0.0163625
4.38514 0.0163625


4.38514 0.0163625
4.45059 0.0163625


4.45059 0.0163625
4.51604 0.0163625


4.51604 0.0163625
4.58149 0.0163625


4.58149 0.0163625
4.64694 0.0163625


4.64694 0.0163625
4.71239 0.0163625


4.71239 0.0163625
4.77784 0.0163625


4.77784 0.0163625
4.84329 0.0163625


4.84329 0.0163625
4.90874 0.0163625


4.90874 0.0163625
4.97419 0.0163625


4.97419 0.0163625
5.03964 0.0163625


5.03964 0.0163625
5.10509 0.0163625


5.10509 0.0163625
5.17054 0.0163625


5.17054 0.0163625
5.23599 0.0163625


5.23599 0.0327249
5.36689 0.0327249


5.36689 0.0327249
5.49779 0.0327249


5.49779 0.0327249
5.62869 0.0327249


5.62869 0.0327249
5.75959 0.0327249


5.75959 0.0327249
5.89049 0.0327249


5.89049 0.0327249
6.02139 0.0327249


6.02139 0.0654498
6.28319 0.0654498


