0 0.00818123
0.0327249 0.00818123


0.0327249 0.00818123
0.0654498 0.00818123


0.0654498 0.00818123
0.0981748 0.00818123


0.0981748 0.00818123
0.1309 0.00818123


0.1309 0.00818123
0.163625 0.00818123


0.163625 0.00818123
0.19635 0.00818123


0.19635 0.00818123
0.229074 0.00818123


0.229074 0.00818123
0.261799 0.00818123


0.261799 0.00818123
0.294524 0.00818123


0.294524 0.00818123
0.327249 0.00818123


0.327249 0.00818123
0.359974 0.00818123


0.359974 0.00818123
0.392699 0.00818123


0.392699 0.00818123
0.425424 0.00818123


0.425424 0.00818123
0.458149 0.00818123


0.458149 0.00818123
0.490874 0.00818123


0.490874 0.00818123
0.523599 0.00818123


0.523599 0.0163625
0.589049 0.0163625


0.589049 0.0163625
0.654498 0.0163625


0.654498 0.0163625
0.719948 0.0163625


0.719948 0.0163625
0.785398 0.0163625


0.785398 0.0163625
0.850848 0.0163625


0.850848 0.0163625
0.916298 0.0163625


0.916298 0.0163625
0.981748 0.0163625


0.981748 0.0163625
1.0472 0.0163625


1.0472 0.0163625
1.11265 0.0163625


1.11265 0.0163625
1.1781 0.0163625


1.1781 0.0163625
1.24355 0.0163625


1.24355 0.0163625
1.309 0.0163625


1.309 0.0163625
1.37445 0.0163625


1.37445 0.0163625
1.4399 0.0163625


1.4399 0.0163625
1.50535 0.0163625


1.50535 0.0163625
1.5708 0.0163625


1.5708 0.0163625
1.63625 0.0163625


1.63625 0.0163625
1.7017 0.0163625


1.7017 0.0163625
1.76715 0.0163625


1.76715 0.0163625
1.8326 0.0163625


1.8326 0.0163625
1.89805 0.0163625


1.89805 0.0163625
1.9635 0.0163625


1.9635 0.0163625
2.02895 0.0163625


2.02895 0.0163625
2.0944 0.0163625


2.0944 0.0327249
2.22529 0.0327249


2.22529 0.0327249
2.35619 0.0327249


2.35619 0.0327249
2.48709 0.0327249


2.48709 0.0327249
2.61799 0.0327249


2.61799 0.0327249
2.74889 0.0327249


2.74889 0.0327249
2.87979 0.0327249


2.87979 0.0327249
3.01069 0.0327249


3.01069 0.0327249
3.14159 0.0327249


3.14159 0.0327249
3.27249 0.0327249


3.27249 0.0327249
3.40339 0.0327249


3.40339 0.0327249
3.53429 0.0327249


3.53429 0.0327249
3.66519 0.0327249


3.66519 0.0327249
3.79609 0.0327249


3.79609 0.0327249
3.92699 0.0327249


3.92699 0.0327249
4.05789 0.0327249


4.05789 0.0327249
4.18879 0.0327249


4.18879 0.0327249
4.31969 0.0327249


4.31969 0.0327249
4.45059 0.0327249


4.45059 0.0327249
4.58149 0.0327249


4.58149 0.0327249
4.71239 0.0327249


4.71239 0.0654498
4.97419 0.0654498


4.97419 0.0654498
5.23599 0.0654498


5.23599 0.0654498
5.49779 0.0654498


5.49779 0.0654498
5.75959 0.0654498


5.75959 0.1309
6.28319 0.1309


