0 0.0327249
0.1309 0.0327249


0.1309 0.0327249
0.261799 0.0327249


0.261799 0.0327249
0.392699 0.0327249


0.392699 0.0327249
0.523599 0.0327249


0.523599 0.0327249
0.654498 0.0327249


0.654498 0.0327249
0.785398 0.0327249


0.785398 0.0327249
0.916298 0.0327249


0.916298 0.0327249
1.0472 0.0327249


1.0472 0.0327249
1.1781 0.0327249


1.1781 0.0327249
1.309 0.0327249


1.309 0.0654498
1.5708 0.0654498


1.5708 0.0654498
1.8326 0.0654498


1.8326 0.0654498
2.0944 0.0654498


2.0944 0.0654498
2.35619 0.0654498


2.35619 0.0654498
2.61799 0.0654498


2.61799 0.0654498
2.87979 0.0654498


2.87979 0.0654498
3.14159 0.0654498


3.14159 0.0654498
3.40339 0.0654498


3.40339 0.0654498
3.66519 0.0654498


3.66519 0.1309
4.18879 0.1309


4.18879 0.1309
4.71239 0.1309


4.71239 0.1309
5.23599 0.1309


5.23599 0.261799
6.28319 0.261799


