81 4 -0.02399402523  0.1432606562 0 0.1355723367 0.1547480187 0.02156824803 0.1337431548 0.1063692555 -1.171542898 -0.9079627181
289 4 -0.2940525185  0.08545148446 0 0.08171305942 0.1266115114 -0.02826163189 0.07262962091 0.08549928315 -0.4588008859 -0.3102228128
1089 4 -0.3534138835  -0.007112689569 0 0.01754503171 0.02846164096 -0.009936660034 0.02314329547 0.02313674166 -0.09221004655 -0.02575064355
4225 4 -0.3506849172  -0.01106794318 0 0.004515917672 0.006317210578 -0.002458238728 0.004748110328 0.002671748298 -0.01327966775 0.008166459453
16641 4 -0.350512442  -0.003487368891 0 0.001077301229 0.001268208439 -0.0006039924935 0.0007900453069 0.0007642412097 -0.001860607958 0.00374980979
66049 4 -0.3506097523  -0.0009644376308 0 0.0002670555182 0.0002827024829 -0.0001496440138 0.0001568925623 0.0001962065892 -0.0003622751743 0.001080496595
263169 4 -0.3506422141  -0.0002457801686 0 6.721521147e-05 6.831802341e-05 -3.731684386e-05 3.632153438e-05 4.915698967e-05 -8.456627502e-05 0.0002771421912
81 4 -0.02399402523  0.1432606562 0 0.1355723367 0.1547480187 0.02156824803 0.1337431548 0.1063692555 -1.171542898 -0.9079627181
1089 1 -0.3828139372  -0.05173279797 0 0.01240171278 0.03227846772 0.006063962512 0.007451304189 0.006926874927 -0.1114477717 -0.01693274182
4225 1 -0.3942763623  -0.0327551573 0 0.005201510004 0.009629821397 0.001195783062 -0.0003093774703 -0.0003340229876 -0.02594739199 0.01477581361
1089 1 -0.3828139372  -0.05173279797 0 0.01240171278 0.03227846772 0.006063962512 0.007451304189 0.006926874927 -0.1114477717 -0.01693274182
